blastoise = '''11111111111111111111111111111111111111111111111111111111
11111111111111111111111111111111111111111111111111111111
11111111111111110011111111111111111111111111111111111111
11111111111111101101100000000111111100011111111111111111
11111111111111101000111111111001110011101111111111111111
11111111111111100011111111000000101111110111111111111111
11111111111111100111101100110010011111000111111111111111
11111111111111100111101001111011111100001111111111111111
11111111111111010011110010011011111000000110001111111111
11111111111111000111111000000111110000111001110011111111
11111111110110011111001111111111111001111011000101111111
11111111100001101111111111111111111101110110000010111111
11111111000011111111111111111111111100110111000010111111
11111101000011111111111111111111011100001111100110111111
11111101101011111100000111111111101100011111111110011111
11111111111011110111111100111111101100011111111100001111
11111110111101101111111111100111011000111111111000111111
11111111011110011111111111111000110101011111110001110111
11111111001111001111111111111111101101101111100011111111
11111111010111101111111111111111001101110001000111111011
11111110111011000111111111111100001100111100000111111111
11111110111100000001111111110000011110011000001111111111
11111110111001111000000000000000011111000000001111111101
11111101110111111111000000000000111111100000011111111101
11111101101111111111111111110001111111111000011111111101
11111101011111111111111111111011111110000000111111111101
11111100111111111111111111111011110001111000111111111101
11111010011111111111111111110111100101111100111111111101
11110100100111111111111111100111001110111100111111111011
11101101111101111111111100010110011111011100111111110011
11011011111110000000000111110100111111000000011111100101
11011011111111111111111111111000111110111000001110001101
11111011111111111111111111111101111101111110000000011101
11100001111111111111111111111101111111111111000000111101
10111010111111111111111111111000111011111111000011111101
11111011001111111111111111000000011011111111011101111101
11011011110011111111111001111000101011111111001101111011
11001011111100000011100111110000110011111110110011111011
11011001111111111111111111001100111101111000110111110111
11110101111111111111111110111110111111000110001111101111
11101100111111111111111101111110111111110110111111001111
11111000111111111111111011111110111111111001111100101111
11111000011111111111111011111110111111111001110011011111
11111010001111111111110111111111011111111000000011011111
11111101100111111111110111111111011111111100000110111111
11111101111001111111110111111111101111111100001101111111
11111110111100011111000111111111110111111100011011111111
11111110111111100000000011111111111001111100100111111111
11111101011111110000000001111111110000111000011111111111
11111011101100000011111110011111100000000001111111111111
11110111110011100011111111100000001111000001111111111111
11111001111011110111111111101101100001100000111111111111
11111110000001111111111111011110011110001111011111111111
11111111111110011111111111100000111111001111011111111111
11111111111111111111111111111111011110110000111111111111
11111111111111111111111111111111100001111111111111111111'''