charizard = '''11111111111111111111111111111111111111111111111111111111
11111111111111111111111111111111111111111100111111111111
11111111111111111100011111111111111111111100111111111111
11111111111111111011100001111111111111111100111111111111
11111011111111111101111000001111111111111111111111111111
11110101111111111110110000000011111111111110000011111111
11110101111111111111000000000000111111111110000011111111
11101101111111111111000000000000011111111100000000011111
11100001111111110111000000000000000111111100000011001111
11101000111111101011000000000000000011111110000011001111
11011000111111101011000000000000000001111110000011100001
11011000011111101011000000000000000000111110000111110001
11010000011110001000000000111100000000011110000111111001
11000000011000001000000011111110000000001110001111111001
10101100000000001000000111111111000000000110011111111001
10110110000000001000000111111111101000000010011111111101
10110011000000001000001011111111110100000000011111111101
10110001100011101000011101111111110110000000011111011101
10100000100111111100011110111111111010000000011111011101
10100000010111111100001111011111111011000000001111011101
10000000011111111110001111100111111101000000000110011101
10000001111111111100101111111001111101000000000110011101
10000001111111111001101111111110111110100000000000011101
00000000111111111000101111110111011110100000000000011001
00001010111111010000101111110111101110110000000000011001
00011010001111010000001111111011110111010000000000000001
00011010110011000000001111111011111011011000000000011111
00011011010001100000001111111101111001011000000000011111
00011011101011111100001111111101111001010000000010011111
00011011110111111111001111111101111100100000000110011111
00011011111011111111000111111011111100000000001100111111
00011101111101111110000111111011111100000000111000111111
00011101111101101110000111110111111000000001111000111111
00011101111000110111001111001111110000000111100001111111
00011101111000111110011100111100000000000000000001111111
00011110110000000001111011011110000000000000000001111111
00011110110000000111111011001111000000000000000011111111
10011111001000001111111010110000001100000000000011111111
10001100011000001111111100110110011111000000000011111111
10001000111000011111111110110110111111100000000111111111
11000100010000011111111111001001111111110000001111111111
11100100000000011111111111111101111111111000001111111111
11110101000000011111111111111011111111111000011111111111
11111100010000001111111111111011111111111100011111111111
11111110010010001111111111111011111111111100011111111111
11111111001110000111111111111011111111111100011111111111
11111111101111000011111111111101111111111110011111111111
11111111101111100001111111111100111111111000011111111111
11111111110111110000111111111000001110110000011111111111
11111111111011111000001111100000100000111100001111111111
11111111111101111100000000000011111001111110000111111111
11111111100000001000000001111111111101111110000001111111
11111111000111110000000011111111111110001100001100111111
11111110110000110000000111111111111101110011001110011111
11111110101111010000011111111111111101111011100111011111
11111111000000000000111111111111111110000100001000111111'''